44444444444444444444444444444444444444444444444444444444444444444444444444444444444444444444444444444444444444444444444444444444
41113333333111111111111141111111111111111111111111111111111111111111111111111111111111111111111141111111111111111111111111111114
41113333333111111111111141111111111111111111111111111111111111111111111111111111111111111111111141111111111111111111111111111114
41113333333111111111111141111111111111111111111111111111111111111111111111111111111111111111111141111111111111111111111111111114
41113333333111111111111141111111111111111111111111111111111111111111111111111111111111111111111141111111111111111111111111111114
41113333333111111111111141111111111111111111111111111111111111111111111111111141111111111111111141111111111111111111111111111114
41113333333111111111111141111111111111111111111111111111111111111111111111111141111111111111111141111111111111111111111111111114
41111111111111111111111141111111111111111111111111111111111111111111111111111141111111111111111141111111111111111111111111111114
41111111111111111111111141111111111111111111111111111111111111111111111111111141111111111111111141111111111111111111111111111114
42222211111111111111111141111111111111111111111111111111111111111111111111111141111111111111111141111111111144444444444444444444
42222211111111111111111141111111111444444444444444444444444444444444444444444441111111111111111111111111111111111111111111111114
42222211111111111111111111111111111111111111111111111111111111111111111111111111111111111111111111111111111111111111111111111114
42222211111111111111111111111111111111111111111111111111111111111111111111111111111111111111111111111111111111111111111111111114
42222211111111111111111111111111111111111111111111111111111111111111111111111111111111111111111111111111111111111111111111111114
42222211111111111111111111111111111111111111111111111111111111111111111111111111111111111111111111111111111111111111111111111114
42222211111111111111111111111111111111111111111111111111111111111111111111111111111111111111111111111111111111111111111111111114
41111111111111111111111111111111111111111111111111111111111111111111111111111111111111111111111111111111111111111111111111111114
41111111111111111111111111111111111111111111111111111111111111111111111111111111111111111111111111111111111111111111111111111114
41111111111111111111111111111111111111111111111111111111111111111111111111111111111111111111111111111111111111111111111111111114
41111111111111111111111111111111111111111111111111111111111111111111111111111111111111111111111111111111111111111111111111111114
41111111111111111111111111111111111111111111111111111111111111111111111111111111111111111111111111111111111111111111111111111114
41111111111111111111111111111111111111111111111111111111111111111111111111111111111111111111444444444444444444444444441111111114
41111111111111111111111111111111111111111111151111111111111111111111111111111111111111111111411111111111111111111111111111111114
41111111111111111111111111111111111111111111111111111111111111111111111111111111111111111111411111111111111111111111111111111114
41111111111111111111111111111111111111111111111111111111111111111111111111111111111111111111411111111111111111111111111111111114
41111111111111111111111111111111111111111111111111111111111111111111111111111111111111111111411111111111111111111111111111111114
41111111111111111111111111111111111111111111111111111111111111111111111111111111111111111111411111111111111111111111111111111114
44444444444444444444444444444444444411111111111111111111111111111111111114444444444444444444411111111111111111111111111111111114
41111111111111111111111111111111111111111111111111111111111111111111111111111111111111111111111111111111111111111111111111111114
41111111111111111111111111111111111111111111111111111111111111111111111111111111111111111111111111111111111111111111111111111114
41111111111111111111111111111111111111111111111111111111111111111111111111111111111111111111111111111111111111111111111111111114
41111111111111111111111111111111111111111111111111111111111111111111111111111111111111111111111111111111111111111111111111111114
41111111111111111111111111111111111111111111111111111111111111111111111111111111111111111111111111111111111111111111111111111114
41111111111111111111111111111111111111111111111111111111111111111111111111111111111111111111111111111111111111111111111111111114
41111111111111111111111111111111111111111111111111111111111111111111111111111111111111111111111111111111111111111111111111111114
41111111111111111111111111111111111111111111111111111111111111111111111111111111111111111111111111111111111111111111111111111114
41111111111111111111111111111111111111111111111111111111111111111111111111111111111111111111111111111111111111111111111111111114
41111111111111111111111111111111111111111111111111111111111111111111111111111111111111111111111111111111111111111111111111111114
41111111111111111111111111111111111111111111111111111111111111111111111111111111111111111111111111111111111111111111111111111114
41111111111111111111111111111111111111111111111111111111111111111111111111111111111111111111111111111111111111111111111111111114
41111111111111111111111111111111111111111111111111111111111111111111111111111111111111111111111111111111111111111111111111111114
41111111111111111111111111111111111111111111111111111111111111111111111111111111111111111111111111111111111111111111111111111114
41111111111111111111111111111111111111111111111111111111111111111111111111111111111111111111111111111111111111111111111111111114
41111111111111111111111111111111111111111111111111111111111111111111111111111111111111111111111111111111111111111111111111111114
41111111111111111111111111111111111111111111111111111111111111111111111111111111111111111111111111111111111111111111111111111114
41111111111111111111111111111111111111111111111111111111111111111111111111111111111111111111111111111111111111111111111111111114
41111111111111111111111111111111111111111111111111111111111111111111111111111111111111111111111111111111111111111111111111111114
41111111111111111111111111111111111111111111111111111111111111111111111111111111111111111111111111111111111111111111111111111114
41111111111111111111111111111111111111111111111111111111111111111111111111111111111111111111111111111111111111111111111111111114
41111111111111111111111111111111111111111111111111111111111111111111111111111111111111111111111111111111111111111111111111111114
41111111111111111111111111111111111111111111111111111111111111111111111111111111111111111111111111111111111111111111111111111114
41111111111111111111111111111111111111111111111111111111111111111111111111111111111111111111111111111111111111111111111111111114
41111111111111111111111111111111111111111111111111111111111111111111111111111111111111111111111111111111111111111111111111111114
41111111111111111111111111111111111111111111111111111111111111111111111111111111111111111111111111111111111111111111111111111114
41111111111111111111111111111111111111111111111111111111111111111111111111111111111111111111111111111111111111111111111111111114
41111111111111111111111111111111111111111111111111111111111111111111111111111111111111111111111111111111111111111111111111111114
41111111111111111111111111111111111111111111111111111111111111111111111111111111111111111111111111111111111111111111111111111114
41111111111111111111111111111111111111111111111111111111111111111111111111111111111111111111111111111111111111111111111111111114
41111111111111111111111111111111111111111111111111111111111111111111111111111111111111111111111111111111111111111111111111111114
41111111111111111111111111111111111111111111111111111111111111111111111111111111111111111111111111111111111111111111111111111114
41111111111111111111111111111111111111111111111111111111111111111111111111111111111111111111111111111111111111111111111111111114
41111111111111111111111111111111111111111111111111111111111111111111111111111111111111111111111111111111111111111111111111111114
41111111111111111111111111111111111111111111111111111111111111111111111111111111111111111111111111111111111111111111111111111114
41111111111111111111111111111111111111111111111111111111111111111111111111111111111111111111111111111111111111111111111111111114
41111111111111111111111111111111111111111111111111111111111111111111111111111111111111111111111111111111111111111111111111111114
41111111111111111111111111111111111111111111111111111111111111111111111111111111111111111111111111111111111111111111111111111114
41111111111111111111111111111111111111111111111111111111111111111111111111111111111111111111111111111111111111111111111111111114
41111111111111111111111111111111111111111111111111111111111111111111111111111111111111111111111111111111111111111111111111111114
41111111111111111111111111111111111111111111111111111111111111111111111111111111111111111111111111111111111111111111111111111114
41111111111111111111111111111111111111111111111111111111111111111111111111111111111111111111111111111111111111111111111111111114
41111111111111111111111111111111111111111111111111111111111111111111111111111111111111111111111111111111111111111111111111111114
41111111111111111111111111111111111111111111111111111111111111111111111111111111111111111111111111111111111111111111111111111114
41111111111111111111111111111111111111111111111111111111111111111111111111111111111111111111111111111111111111111111111111111114
41111111111111111111111111111111111111111111111111111111111111111111111111111111111111111111111111111111111111111111111111111114
41111111111111111111111111111111111111111111111111111111111111111111111111111111111111111111111111111111111111111111111111111114
41111111111111111111111111111111111111111111111111111111111111111111111111111111111111111111111111111111111111111111111111111114
41111111111111111111111111111111111111111111111111111111111111111111111111111111111111111111111111111111111111111111111111111114
41111111111111111111111111111111111111111111111111111111111111111111111111111111111111111111111111111111111111111111111111111114
41111111111111111111111111111111111111111111111111111111111111111111111111111111111111111111111111111111111111111111111111111114
41111111111111111111111111111111111111111111111111111111111111111111111111111111111111111111111111111111111111111111111111111114
41111111111111111111111111111111111111111111111111111111111111111111111111111111111111111111111111111111111111111111111111111114
41111111111111111111111111111111111111111111111111111111111111111111111111111111111111111111111111111111111111111111111111111114
41111111111111111111111111111111111111111111111111111111111111111111111111111111111111111111111111111111111111111111111111111114
41111111111111111111111111111111111111111111111111111111111111111111111111111111111111111111111111111111111111111111111111111114
41111111111111111111111111111111111111111111111111111111111111111111111111111111111111111111111111111111111111111111111111111114
41111111111111111111111111111111111111111111111111111111111111111111111111111111111111111111111111111111111111111111111111111114
41111111111111111111111111111111111111111111111111111111111111111111111111111111111111111111111111111111111111111111111111111114
41111111111111111111111111111111111111111111111111111111111111111111111111111111111111111111111111111111111111111111111111111114
41111111111111111111111111111111111111111111111111111111111111111111111111111111111111111111111111111111111111111111111111111114
41111111111111111111111111111111111111111111111111111111111111111111111111111111111111111111111111111111111111111111111111111114
41111111111111111111111111111111111111111111111111111111111111111111111111111111111111111111111111111111111111111111111111111114
41111111111111111111111111111111111111111111111111111111111111111111111111111111111111111111111111111111111111111111111111111114
41111111111111111111111111111111111111111111111111111111111111111111111111111111111111111111111111111111111111111111111111111114
41111111111111111111111111111111111111111111111111111111111111111111111111111111111111111111111111111111111111111111111111111114
41111111111111111111111111111111111111111111111111111111111111111111111111111111111111111111111111111111111111111111111111111114
41111111111111111111111111111111111111111111111111111111111111111111111111111111111111111111111111111111111111111111111111111114
41111111111111111111111111111111111111111111111111111111111111111111111111111111111111111111111111111111111111111111111111111114
41111111111111111111111111111111111111111111111111111111111111111111111111111111111111111111111111111111111111111111111111111114
41111111111111111111111111111111111111111111111111111111111111111111111111111111111111111111111111111111111111111111111111111114
41111111111111111111111111111111111111111111111111111111111111111111111111111111111111111111111111111111111111111111111111111114
41111111111111111111111111111111111111111111111111111111111111111111111111111111111111111111111111111111111111111111111111111114
41111111111111111111111111111111111111111111111111111111111111111111111111111111111111111111111111111111111111111111111111111114
41111111111111111111111111111111111111111111111111111111111111111111111111111111111111111111111111111111111111111111111111111114
41111111111111111111111111111111111111111111111111111111111111111111111111111111111111111111111111111111111111111111111111111114
41111111111111111111111111111111111111111111111111111111111111111111111111111111111111111111111111111111111111111111111111111114
41111111111111111111111111111111111111111111111111111111111111111111111111111111111111111111111111111111111111111111111111111114
41111111111111111111111111111111111111111111111111111111111111111111111111111111111111111111111111111111111111111111111111111114
41111111111111111111111111111111111111111111111111111111111111111111111111111111111111111111111111111111111111111111111111111114
41111111111111111111111111111111111111111111111111111111111111111111111111111111111111111111111111111111111111111111111111111114
41111111111111111111111111111111111111111111111111111111111111111111111111111111111111111111111111111111111111111111111111111114
41111111111111111111111111111111111111111111111111111111111111111111111111111111111111111111111111111111111111111111111111111114
41111111111111111111111111111111111111111111111111111111111111111111111111111111111111111111111111111111111111111111111111111114
41111111111111111111111111111111111111111111111111111111111111111111111111111111111111111111111111111111111111111111111111111114
41111111111111111111111111111111111111111111111111111111111111111111111111111111111111111111111111111111111111111111111111111114
41111111111111111111111111111111111111111111111111111111111111111111111111111111111111111111111111111111111111111111111111111114
41111111111111111111111111111111111111111111111111111111111111111111111111111111111111111111111111111111111111111111111111111114
41111111111111111111111111111111111111111111111111111111111111111111111111111111111111111111111111111111111111111111111111111114
41111111111111111111111111111111111111111111111111111111111111111111111111111111111111111111111111111111111111111111111111111114
41111111111111111111111111111111111111111111111111111111111111111111111111111111111111111111111111111111111111111111111111111114
41111111111111111111111111111111111111111111111111111111111111111111111111111111111111111111111111111111111111111111111111111114
41111111111111111111111111111111111111111111111111111111111111111111111111111111111111111111111111111111111111111111111111111114
41111111111111111111111111111111111111111111111111111111111111111111111111111111111111111111111111111111111111111111111111111114
41111111111111111111111111111111111111111111111111111111111111111111111111111111111111111111111111111111111111111111111111111114
41111111111111111111111111111111111111111111111111111111111111111111111111111111111111111111111111111111111111111111111111111114
41111111111111111111111111111111111111111111111111111111111111111111111111111111111111111111111111111111111111111111111111111114
41111111111111111111111111111111111111111111111111111111111111111111111111111111111111111111111111111111111111111111111111111114
41111111111111111111111111111111111111111111111111111111111111111111111111111111111111111111111111111111111111111111111111111114
44444444444444444444444444444444444444444444444444444444444444444444444444444444444444444444444444444444444444444444444444444444
